011111111111100
000111111110000
001111111111000
v111111111111vv
011111111111100
001111111111000
000111111110000
011111111111100

000000000000000
000011111100000
000011111100000
000011111100000
000011111100000
000011111100000
000011111100000
000000000000000

000000000000000
000000000000000
000001111000000
000001111000000
000001111000000
000001111000000
000000000000000
000000000000000

000000000000000
000000000000000
000000000000000
000000110000000
000000110000000
000000000000000
000000000000000
000000000000000

000000000000000
000000000000000
000000000000000
000000000000000
0000000\0000000
000000000000000
000000000000000
000000000000000